1 1
2 1
3 1
4 1
5 1
6 1
7 1
8 1
9 1
10 1
11 1
12 1
13 1
14 1
15 1
16 1
17 1
18 1
19 1
20 1
21 1
22 1
23 1
24 1
25 1
26 1
27 1
28 1
29 1
30 1
31 1
32 1
33 1
34 1
35 1
36 1
37 1
38 1
39 1
40 1
41 1
42 1
43 1
44 1
45 1
46 1
47 1
48 1
49 1
50 1
51 1
52 1
53 1
54 1
55 1
56 1
57 1
58 1
59 1
60 1
61 1
62 1
63 1
64 1
65 1
66 1
67 1
68 1
69 1
70 1
71 1
72 1
73 1
74 1
75 1
76 1
77 1
78 1
79 1
80 1
81 1
82 1
83 1
84 1
85 1
86 1
87 1
88 1
89 1
90 1
91 1
92 1
93 1
94 2
95 2
96 2
97 2
98 2
99 2
100 2
101 2
102 2
103 2
104 2
105 2
106 2
107 2
108 2
109 2
110 2
111 2
112 2
113 2
114 2
115 2
116 2
117 2
118 2
119 2
120 2
121 2
122 2
123 2
124 2
125 2
126 2
127 2
128 2
129 2
130 2
131 2
132 2
133 2
134 2
135 2
136 2
137 2
138 2
139 2
140 2
141 2
142 2
143 2
144 2
145 2
146 2
147 2
148 2
149 2
150 2
151 2
152 2
153 2
154 2
155 2
156 2
157 2
158 2
159 2
160 2
161 2
162 2
163 2
164 2
165 2
166 2
167 2
168 2
169 2
170 2
171 2
172 2
173 2
174 2
175 2
176 2
177 2
178 2
179 2
180 2
181 2
182 2
183 2
184 2
185 2
186 2
187 3
188 3
189 3
190 3
191 3
192 3
193 3
194 3
195 3
196 3
197 3
198 3
199 3
200 3
201 3
202 3
203 3
204 3
205 3
206 3
207 3
208 3
209 3
210 3
211 3
212 3
213 3
214 3
215 3
216 3
217 3
218 3
219 3
220 3
221 3
222 3
223 3
224 3
225 3
226 3
227 3
228 3
229 3
230 3
231 3
232 3
233 3
234 3
235 3
236 3
237 3
238 3
239 3
240 3
241 3
242 3
243 3
244 3
245 3
246 3
247 3
248 3
249 3
250 3
251 3
252 3
253 3
254 3
255 3
256 3
257 3
258 3
259 3
260 3
261 3
262 3
263 3
264 3
265 3
266 3
267 3
268 3
269 3
270 4
271 4
272 4
273 4
274 4
275 4
276 4
277 4
278 4
279 4
280 4
281 4
282 4
283 4
284 4
285 4
286 4
287 4
288 4
289 4
290 4
291 4
292 4
293 4
294 4
295 4
296 4
297 4
298 4
299 4
300 4
301 4
302 4
303 4
304 4
305 4
306 4
307 4
308 4
309 4
310 4
311 4
312 4
313 4
314 4
315 4
316 4
317 4
318 4
319 4
320 4
321 4
322 4
323 4
324 4
325 4
326 4
327 4
328 4
329 4
330 4
331 4
332 4
333 4
334 4
335 4
336 4
337 4
338 4
339 4
340 4
341 4
342 4
343 4
344 4
345 4
346 4
347 4
348 4
349 4
350 4
351 4
352 4
353 4
354 4
355 4
356 4
357 4
358 4
359 4
360 5
361 5
362 5
363 5
364 5
365 5
366 5
367 5
368 5
369 5
370 5
371 5
372 5
373 5
374 5
375 5
376 5
377 5
378 5
379 5
380 5
381 5
382 5
383 5
384 5
385 5
386 5
387 5
388 5
389 5
390 5
391 5
392 5
393 5
394 5
395 5
396 5
397 5
398 5
399 5
400 5
401 5
402 5
403 5
404 5
405 5
406 5
407 5
408 5
409 5
410 5
411 5
412 5
413 5
414 5
415 5
416 5
417 5
418 5
419 5
420 5
421 5
422 5
423 5
424 5
425 5
426 5
427 5
428 5
429 5
430 5
431 5
432 5
433 5
434 5
435 5
436 5
437 5
438 5
439 5
440 5
441 5
442 5
443 5
444 5
445 5
446 5
447 5
448 5
449 5
450 6
451 6
452 6
453 6
454 6
455 6
456 6
457 6
458 6
459 6
460 6
461 6
462 6
463 6
464 6
465 6
466 6
467 6
468 6
469 6
470 6
471 6
472 6
473 6
474 6
475 6
476 6
477 6
478 6
479 6
480 6
481 6
482 6
483 6
484 6
485 6
486 6
487 6
488 6
489 6
490 6
491 6
492 6
493 6
494 6
495 6
496 6
497 6
498 6
499 6
500 6
501 6
502 6
503 6
504 6
505 6
506 6
507 6
508 6
509 6
510 6
511 6
512 6
513 6
514 6
515 6
516 6
517 6
518 6
519 6
520 6
521 6
522 6
523 6
524 6
525 6
526 6
527 6
528 6
529 6
530 7
531 7
532 7
533 7
534 7
535 7
536 7
537 7
538 7
539 7
540 7
541 7
542 7
543 7
544 7
545 7
546 7
547 7
548 7
549 7
550 7
551 7
552 7
553 7
554 7
555 7
556 7
557 7
558 7
559 7
560 7
561 7
562 7
563 7
564 7
565 7
566 7
567 7
568 7
569 7
570 7
571 7
572 7
573 7
574 7
575 7
576 7
577 7
578 7
579 7
580 7
581 7
582 7
583 7
584 7
585 7
586 7
587 7
588 7
589 7
590 7
591 7
592 7
593 7
594 7
595 7
596 7
597 7
598 7
599 7
600 7
601 7
602 7
603 7
604 7
605 7
606 7
607 7
608 7
609 8
610 8
611 8
612 8
613 8
614 8
615 8
616 8
617 8
618 8
619 8
620 8
621 8
622 8
623 8
624 8
625 8
626 8
627 8
628 8
629 8
630 8
631 8
632 8
633 8
634 8
635 8
636 8
637 8
638 8
639 8
640 8
641 8
642 8
643 8
644 8
645 8
646 8
647 8
648 8
649 8
650 8
651 8
652 8
653 8
654 8
655 8
656 8
657 8
658 8
659 8
660 8
661 8
662 8
663 8
664 8
665 8
666 8
667 8
668 8
669 8
670 8
671 8
672 8
673 8
674 8
675 8
676 8
677 8
678 8
679 8
680 8
681 8
682 8
683 8
684 8
685 8
686 8
687 8
688 8
689 8
690 8
691 9
692 9
693 9
694 9
695 9
696 9
697 9
698 9
699 9
700 9
701 9
702 9
703 9
704 9
705 9
706 9
707 9
708 9
709 9
710 9
711 9
712 9
713 9
714 9
715 9
716 9
717 9
718 9
719 9
720 9
721 9
722 9
723 9
724 9
725 9
726 9
727 9
728 9
729 9
730 9
731 9
732 9
733 9
734 9
735 9
736 9
737 9
738 9
739 9
740 9
741 9
742 9
743 9
744 9
745 9
746 9
747 9
748 9
749 9
750 9
751 9
752 9
753 9
754 9
755 9
756 9
757 9
758 9
759 9
760 9
761 9
762 9
763 9
764 9
765 9
766 9
767 9
768 9
769 9
770 9
771 9
772 9
773 9
774 9
775 9
776 9
777 9
778 9
779 9
780 9
781 9
782 10
783 10
784 10
785 10
786 10
787 10
788 10
789 10
790 10
791 10
792 10
793 10
794 10
795 10
796 10
797 10
798 10
799 10
800 10
801 10
802 10
803 10
804 10
805 10
806 10
807 10
808 10
809 10
810 10
811 10
812 10
813 10
814 10
815 10
816 10
817 10
818 10
819 10
820 10
821 10
822 10
823 10
824 10
825 10
826 10
827 10
828 10
829 10
830 10
831 10
832 10
833 10
834 10
835 10
836 10
837 10
838 10
839 10
840 10
841 10
842 10
843 10
844 10
845 10
846 10
847 10
848 10
849 10
850 10
851 10
852 10
853 10
854 10
855 10
856 10
857 10
858 10
859 10
860 10
861 10
862 10
863 10
864 10
865 10
866 10
867 10
868 10
869 10
870 11
871 11
872 11
873 11
874 11
875 11
876 11
877 11
878 11
879 11
880 11
881 11
882 11
883 11
884 11
885 11
886 11
887 11
888 11
889 11
890 11
891 11
892 11
893 11
894 11
895 11
896 11
897 11
898 11
899 11
900 11
901 11
902 11
903 11
904 11
905 11
906 11
907 11
908 11
909 11
910 11
911 11
912 11
913 11
914 11
915 11
916 11
917 11
918 11
919 11
920 11
921 11
922 11
923 11
924 11
925 11
926 11
927 11
928 11
929 11
930 11
931 11
932 11
933 11
934 11
935 11
936 11
937 11
938 11
939 11
940 11
941 11
942 11
943 11
944 11
945 11
946 11
947 11
948 11
949 11
950 11
951 11
952 11
953 11
954 11
955 11
956 11
957 11
958 11
959 11
960 11
961 11
962 11
963 12
964 12
965 12
966 12
967 12
968 12
969 12
970 12
971 12
972 12
973 12
974 12
975 12
976 12
977 12
978 12
979 12
980 12
981 12
982 12
983 12
984 12
985 12
986 12
987 12
988 12
989 12
990 12
991 12
992 12
993 12
994 12
995 12
996 12
997 12
998 12
999 12
1000 12
1001 12
1002 12
1003 12
1004 12
1005 12
1006 12
1007 12
1008 12
1009 12
1010 12
1011 12
1012 12
1013 12
1014 12
1015 12
1016 12
1017 12
1018 12
1019 12
1020 12
1021 12
1022 12
1023 12
1024 12
1025 12
1026 12
1027 12
1028 12
1029 12
1030 12
1031 12
1032 12
1033 12
1034 12
1035 12
1036 12
1037 12
1038 12
1039 12
1040 12
1041 12
1042 12
1043 12
1044 12
1045 12
1046 12
1047 12
1048 12
1049 12
1050 12
1051 12
1052 12
1053 12
1054 12
1055 12
1056 13
1057 13
1058 13
1059 13
1060 13
1061 13
1062 13
1063 13
1064 13
1065 13
1066 13
1067 13
1068 13
1069 13
1070 13
1071 13
1072 13
1073 13
1074 13
1075 13
1076 13
1077 13
1078 13
1079 13
1080 13
1081 13
1082 13
1083 13
1084 13
1085 13
1086 13
1087 13
1088 13
1089 13
1090 13
1091 13
1092 13
1093 13
1094 13
1095 13
1096 13
1097 13
1098 13
1099 13
1100 13
1101 13
1102 13
1103 13
1104 13
1105 13
1106 13
1107 13
1108 13
1109 13
1110 13
1111 13
1112 13
1113 13
1114 13
1115 13
1116 13
1117 13
1118 13
1119 13
1120 13
1121 13
1122 13
1123 13
1124 13
1125 13
1126 13
1127 13
1128 13
1129 13
1130 13
1131 13
1132 13
1133 13
1134 13
1135 14
1136 14
1137 14
1138 14
1139 14
1140 14
1141 14
1142 14
1143 14
1144 14
1145 14
1146 14
1147 14
1148 14
1149 14
1150 14
1151 14
1152 14
1153 14
1154 14
1155 14
1156 14
1157 14
1158 14
1159 14
1160 14
1161 14
1162 14
1163 14
1164 14
1165 14
1166 14
1167 14
1168 14
1169 14
1170 14
1171 14
1172 14
1173 14
1174 14
1175 14
1176 14
1177 14
1178 14
1179 14
1180 14
1181 14
1182 14
1183 14
1184 14
1185 14
1186 14
1187 14
1188 14
1189 14
1190 14
1191 14
1192 14
1193 14
1194 14
1195 14
1196 14
1197 14
1198 14
1199 14
1200 14
1201 14
1202 14
1203 14
1204 14
1205 14
1206 14
1207 14
1208 14
1209 14
1210 14
1211 14
1212 14
1213 14
1214 14
1215 14
1216 14
1217 14
1218 14
1219 14
1220 14
1221 14
1222 14
1223 14
1224 14
1225 14
1226 15
1227 15
1228 15
1229 15
1230 15
1231 15
1232 15
1233 15
1234 15
1235 15
1236 15
1237 15
1238 15
1239 15
1240 15
1241 15
1242 15
1243 15
1244 15
1245 15
1246 15
1247 15
1248 15
1249 15
1250 15
1251 15
1252 15
1253 15
1254 15
1255 15
1256 15
1257 15
1258 15
1259 15
1260 15
1261 15
1262 15
1263 15
1264 15
1265 15
1266 15
1267 15
1268 15
1269 15
1270 15
1271 15
1272 15
1273 15
1274 15
1275 15
1276 15
1277 15
1278 15
1279 15
1280 15
1281 15
1282 15
1283 15
1284 15
1285 15
1286 15
1287 15
1288 15
1289 15
1290 15
1291 15
1292 15
1293 15
1294 15
1295 15
1296 15
1297 15
1298 15
1299 15
1300 15
1301 15
1302 15
1303 15
1304 15
1305 15
1306 15
1307 15
1308 15
1309 15
1310 15
1311 15
1312 15
1313 16
1314 16
1315 16
1316 16
1317 16
1318 16
1319 16
1320 16
1321 16
1322 16
1323 16
1324 16
1325 16
1326 16
1327 16
1328 16
1329 16
1330 16
1331 16
1332 16
1333 16
1334 16
1335 16
1336 16
1337 16
1338 16
1339 16
1340 16
1341 16
1342 16
1343 16
1344 16
1345 16
1346 16
1347 16
1348 16
1349 16
1350 16
1351 16
1352 16
1353 16
1354 16
1355 16
1356 16
1357 16
1358 16
1359 16
1360 16
1361 16
1362 16
1363 16
1364 16
1365 16
1366 16
1367 16
1368 16
1369 16
1370 16
1371 16
1372 16
1373 16
1374 16
1375 16
1376 16
1377 16
1378 16
1379 16
1380 16
1381 16
1382 16
1383 16
1384 16
1385 16
1386 16
1387 16
1388 16
1389 16
1390 17
1391 17
1392 17
1393 17
1394 17
1395 17
1396 17
1397 17
1398 17
1399 17
1400 17
1401 17
1402 17
1403 17
1404 17
1405 17
1406 17
1407 17
1408 17
1409 17
1410 17
1411 17
1412 17
1413 17
1414 17
1415 17
1416 17
1417 17
1418 17
1419 17
1420 17
1421 17
1422 17
1423 17
1424 17
1425 17
1426 17
1427 17
1428 17
1429 17
1430 17
1431 17
1432 17
1433 17
1434 17
1435 17
1436 17
1437 17
1438 17
1439 17
1440 17
1441 17
1442 17
1443 17
1444 17
1445 17
1446 17
1447 17
1448 17
1449 17
1450 17
1451 17
1452 17
1453 17
1454 17
1455 17
1456 17
1457 17
1458 17
1459 17
1460 17
1461 17
1462 17
1463 17
1464 17
1465 17
1466 17
1467 18
1468 18
1469 18
1470 18
1471 18
1472 18
1473 18
1474 18
1475 18
1476 18
1477 18
1478 18
1479 18
1480 18
1481 18
1482 18
1483 18
1484 18
1485 18
1486 18
1487 18
1488 18
1489 18
1490 18
1491 18
1492 18
1493 18
1494 18
1495 18
1496 18
1497 18
1498 18
1499 18
1500 18
1501 18
1502 18
1503 18
1504 18
1505 18
1506 18
1507 18
1508 18
1509 18
1510 18
1511 18
1512 18
1513 18
1514 18
1515 18
1516 18
1517 18
1518 18
1519 18
1520 18
1521 18
1522 18
1523 18
1524 18
1525 18
1526 18
1527 18
1528 18
1529 18
1530 18
1531 18
1532 18
1533 18
1534 18
1535 18
1536 18
1537 18
1538 18
1539 18
1540 18
1541 18
1542 18
1543 18
1544 18
1545 18
1546 18
1547 18
1548 18
1549 18
1550 18
1551 18
1552 19
1553 19
1554 19
1555 19
1556 19
1557 19
1558 19
1559 19
1560 19
1561 19
1562 19
1563 19
1564 19
1565 19
1566 19
1567 19
1568 19
1569 19
1570 19
1571 19
1572 19
1573 19
1574 19
1575 19
1576 19
1577 19
1578 19
1579 19
1580 19
1581 19
1582 19
1583 19
1584 19
1585 19
1586 19
1587 19
1588 19
1589 19
1590 19
1591 19
1592 19
1593 19
1594 19
1595 19
1596 19
1597 19
1598 19
1599 19
1600 19
1601 19
1602 19
1603 19
1604 19
1605 19
1606 19
1607 19
1608 19
1609 19
1610 19
1611 19
1612 19
1613 19
1614 19
1615 19
1616 19
1617 19
1618 19
1619 19
1620 19
1621 19
1622 19
1623 19
1624 19
1625 19
1626 19
1627 19
1628 19
1629 19
1630 19
1631 19
1632 19
1633 19
1634 19
1635 19
1636 19
1637 19
1638 20
1639 20
1640 20
1641 20
1642 20
1643 20
1644 20
1645 20
1646 20
1647 20
1648 20
1649 20
1650 20
1651 20
1652 20
1653 20
1654 20
1655 20
1656 20
1657 20
1658 20
1659 20
1660 20
1661 20
1662 20
1663 20
1664 20
1665 20
1666 20
1667 20
1668 20
1669 20
1670 20
1671 20
1672 20
1673 20
1674 20
1675 20
1676 20
1677 20
1678 20
1679 20
1680 20
1681 20
1682 20
1683 20
1684 20
1685 20
1686 20
1687 20
1688 20
1689 20
1690 20
1691 20
1692 20
1693 20
1694 20
1695 20
1696 20
1697 20
1698 20
1699 20
1700 20
1701 20
1702 20
1703 20
1704 20
1705 20
1706 20
1707 20
1708 20
1709 20
1710 20
1711 20
1712 20
1713 20
1714 20
1715 20
1716 20
1717 20
1718 20
1719 20
1720 20
1721 20
1722 20
1723 20
1724 20
1725 21
1726 21
1727 21
1728 21
1729 21
1730 21
1731 21
1732 21
1733 21
1734 21
1735 21
1736 21
1737 21
1738 21
1739 21
1740 21
1741 21
1742 21
1743 21
1744 21
1745 21
1746 21
1747 21
1748 21
1749 21
1750 21
1751 21
1752 21
1753 21
1754 21
1755 21
1756 21
1757 21
1758 21
1759 21
1760 21
1761 21
1762 21
1763 21
1764 21
1765 21
1766 21
1767 21
1768 21
1769 21
1770 21
1771 21
1772 21
1773 21
1774 21
1775 21
1776 21
1777 21
1778 21
1779 21
1780 21
1781 21
1782 21
1783 21
1784 21
1785 21
1786 21
1787 21
1788 21
1789 21
1790 21
1791 21
1792 21
1793 21
1794 21
1795 21
1796 21
1797 21
1798 21
1799 21
1800 21
1801 21
1802 21
1803 21
1804 21
1805 21
1806 21
1807 21
1808 21
1809 21
1810 21
1811 21
1812 21
1813 21
1814 22
1815 22
1816 22
1817 22
1818 22
1819 22
1820 22
1821 22
1822 22
1823 22
1824 22
1825 22
1826 22
1827 22
1828 22
1829 22
1830 22
1831 22
1832 22
1833 22
1834 22
1835 22
1836 22
1837 22
1838 22
1839 22
1840 22
1841 22
1842 22
1843 22
1844 22
1845 22
1846 22
1847 22
1848 22
1849 22
1850 22
1851 22
1852 22
1853 22
1854 22
1855 22
1856 22
1857 22
1858 22
1859 22
1860 22
1861 22
1862 22
1863 22
1864 22
1865 22
1866 22
1867 22
1868 22
1869 22
1870 22
1871 22
1872 22
1873 22
1874 22
1875 22
1876 22
1877 22
1878 22
1879 22
1880 22
1881 22
1882 22
1883 22
1884 22
1885 22
1886 22
1887 22
1888 22
1889 22
1890 22
1891 22
1892 22
1893 22
1894 22
1895 22
1896 22
1897 22
1898 23
1899 23
1900 23
1901 23
1902 23
1903 23
1904 23
1905 23
1906 23
1907 23
1908 23
1909 23
1910 23
1911 23
1912 23
1913 23
1914 23
1915 23
1916 23
1917 23
1918 23
1919 23
1920 23
1921 23
1922 23
1923 23
1924 23
1925 23
1926 23
1927 23
1928 23
1929 23
1930 23
1931 23
1932 23
1933 23
1934 23
1935 23
1936 23
1937 23
1938 23
1939 23
1940 23
1941 23
1942 23
1943 23
1944 23
1945 23
1946 23
1947 23
1948 23
1949 23
1950 23
1951 23
1952 23
1953 23
1954 23
1955 23
1956 23
1957 23
1958 23
1959 23
1960 23
1961 23
1962 23
1963 23
1964 23
1965 23
1966 23
1967 23
1968 23
1969 23
1970 23
1971 23
1972 23
1973 23
1974 23
1975 23
1976 23
1977 23
1978 23
1979 23
1980 23
1981 24
1982 24
1983 24
1984 24
1985 24
1986 24
1987 24
1988 24
1989 24
1990 24
1991 24
1992 24
1993 24
1994 24
1995 24
1996 24
1997 24
1998 24
1999 24
2000 24
2001 24
2002 24
2003 24
2004 24
2005 24
2006 24
2007 24
2008 24
2009 24
2010 24
2011 24
2012 24
2013 24
2014 24
2015 24
2016 24
2017 24
2018 24
2019 24
2020 24
2021 24
2022 24
2023 24
2024 24
2025 24
2026 24
2027 24
2028 24
2029 24
2030 24
2031 24
2032 24
2033 24
2034 24
2035 24
2036 24
2037 24
2038 24
2039 24
2040 24
2041 24
2042 24
2043 24
2044 24
2045 24
2046 24
2047 24
2048 24
2049 24
2050 24
2051 24
2052 24
2053 24
2054 24
2055 24
2056 24
2057 24
2058 24
2059 24
2060 24
2061 24
2062 24
2063 24
2064 24
2065 24
2066 24
2067 24
2068 24
2069 24
2070 24
2071 24
2072 24
2073 25
2074 25
2075 25
2076 25
2077 25
2078 25
2079 25
2080 25
2081 25
2082 25
2083 25
2084 25
2085 25
2086 25
2087 25
2088 25
2089 25
2090 25
2091 25
2092 25
2093 25
2094 25
2095 25
2096 25
2097 25
2098 25
2099 25
2100 25
2101 25
2102 25
2103 25
2104 25
2105 25
2106 25
2107 25
2108 25
2109 25
2110 25
2111 25
2112 25
2113 25
2114 25
2115 25
2116 25
2117 25
2118 25
2119 25
2120 25
2121 25
2122 25
2123 25
2124 25
2125 25
2126 25
2127 25
2128 25
2129 25
2130 25
2131 25
2132 25
2133 25
2134 25
2135 25
2136 25
2137 25
2138 25
2139 25
2140 25
2141 25
2142 25
2143 25
2144 25
2145 25
2146 25
2147 25
2148 25
2149 25
2150 25
2151 25
2152 25
2153 25
2154 25
2155 25
2156 25
2157 25
2158 25
2159 25
2160 25
2161 25
2162 25
2163 25
2164 25
2165 25
2166 26
2167 26
2168 26
2169 26
2170 26
2171 26
2172 26
2173 26
2174 26
2175 26
2176 26
2177 26
2178 26
2179 26
2180 26
2181 26
2182 26
2183 26
2184 26
2185 26
2186 26
2187 26
2188 26
2189 26
2190 26
2191 26
2192 26
2193 26
2194 26
2195 26
2196 26
2197 26
2198 26
2199 26
2200 26
2201 26
2202 26
2203 26
2204 26
2205 26
2206 26
2207 26
2208 26
2209 26
2210 26
2211 26
2212 26
2213 26
2214 26
2215 26
2216 26
2217 26
2218 26
2219 26
2220 26
2221 26
2222 26
2223 26
2224 26
2225 26
2226 26
2227 26
2228 26
2229 26
2230 26
2231 26
2232 26
2233 26
2234 26
2235 26
2236 26
2237 26
2238 26
2239 26
2240 26
2241 26
2242 26
2243 27
2244 27
2245 27
2246 27
2247 27
2248 27
2249 27
2250 27
2251 27
2252 27
2253 27
2254 27
2255 27
2256 27
2257 27
2258 27
2259 27
2260 27
2261 27
2262 27
2263 27
2264 27
2265 27
2266 27
2267 27
2268 27
2269 27
2270 27
2271 27
2272 27
2273 27
2274 27
2275 27
2276 27
2277 27
2278 27
2279 27
2280 27
2281 27
2282 27
2283 27
2284 27
2285 27
2286 27
2287 27
2288 27
2289 27
2290 27
2291 27
2292 27
2293 27
2294 27
2295 27
2296 27
2297 27
2298 27
2299 27
2300 27
2301 27
2302 27
2303 27
2304 27
2305 27
2306 27
2307 27
2308 27
2309 27
2310 27
2311 27
2312 27
2313 27
2314 27
2315 27
2316 27
2317 27
2318 27
2319 27
2320 27
2321 27
2322 27
2323 27
2324 27
2325 27
2326 27
2327 27
2328 27
2329 27
2330 27
2331 27
2332 27
2333 27
2334 27
2335 27
2336 27
2337 28
2338 28
2339 28
2340 28
2341 28
2342 28
2343 28
2344 28
2345 28
2346 28
2347 28
2348 28
2349 28
2350 28
2351 28
2352 28
2353 28
2354 28
2355 28
2356 28
2357 28
2358 28
2359 28
2360 28
2361 28
2362 28
2363 28
2364 28
2365 28
2366 28
2367 28
2368 28
2369 28
2370 28
2371 28
2372 28
2373 28
2374 28
2375 28
2376 28
2377 28
2378 28
2379 28
2380 28
2381 28
2382 28
2383 28
2384 28
2385 28
2386 28
2387 28
2388 28
2389 28
2390 28
2391 28
2392 28
2393 28
2394 28
2395 28
2396 28
2397 28
2398 28
2399 28
2400 28
2401 28
2402 28
2403 28
2404 28
2405 29
2406 29
2407 29
2408 29
2409 29
2410 29
2411 29
2412 29
2413 29
2414 29
2415 29
2416 29
2417 29
2418 29
2419 29
2420 29
2421 29
2422 29
2423 29
2424 29
2425 29
2426 29
2427 29
2428 29
2429 29
2430 29
2431 29
2432 29
2433 29
2434 29
2435 29
2436 29
2437 29
2438 29
2439 29
2440 29
2441 29
2442 29
2443 29
2444 29
2445 29
2446 29
2447 29
2448 29
2449 29
2450 29
2451 29
2452 29
2453 29
2454 29
2455 29
2456 29
2457 29
2458 29
2459 29
2460 29
2461 29
2462 29
2463 29
2464 29
2465 29
2466 29
2467 29
2468 29
2469 29
2470 29
2471 29
2472 29
2473 29
2474 29
2475 29
2476 29
2477 29
2478 29
2479 29
2480 29
2481 29
2482 29
2483 29
2484 29
2485 29
2486 29
2487 29
2488 29
2489 29
2490 29
2491 29
2492 30
2493 30
2494 30
2495 30
2496 30
2497 30
2498 30
2499 30
2500 30
2501 30
2502 30
2503 30
2504 30
2505 30
2506 30
2507 30
2508 30
2509 30
2510 30
2511 30
2512 30
2513 30
2514 30
2515 30
2516 30
2517 30
2518 30
2519 30
2520 30
2521 30
2522 30
2523 30
2524 30
2525 30
2526 30
2527 30
2528 30
2529 30
2530 30
2531 30
2532 30
2533 30
2534 30
2535 30
2536 30
2537 30
2538 30
2539 30
2540 30
2541 30
2542 30
2543 30
2544 30
2545 30
2546 30
2547 30
2548 30
2549 30
2550 30
2551 30
2552 30
2553 30
2554 30
2555 30
2556 30
2557 30
2558 30
2559 30
2560 30
2561 30
2562 30
2563 30
2564 30
2565 30
2566 30
2567 30
2568 30
2569 30
2570 30
2571 30
2572 30
2573 30
2574 30
2575 30
2576 30
2577 30
2578 30
2579 30
2580 30
2581 30
2582 30
2583 30
2584 30
2585 31
2586 31
2587 31
2588 31
2589 31
2590 31
2591 31
2592 31
2593 31
2594 31
2595 31
2596 31
2597 31
2598 31
2599 31
2600 31
2601 31
2602 31
2603 31
2604 31
2605 31
2606 31
2607 31
2608 31
2609 31
2610 31
2611 31
2612 31
2613 31
2614 31
2615 31
2616 31
2617 31
2618 31
2619 31
2620 31
2621 31
2622 31
2623 31
2624 31
2625 31
2626 31
2627 31
2628 31
2629 31
2630 31
2631 31
2632 31
2633 31
2634 31
2635 31
2636 31
2637 31
2638 31
2639 31
2640 31
2641 31
2642 31
2643 31
2644 31
2645 31
2646 31
2647 31
2648 31
2649 31
2650 31
2651 31
2652 31
2653 31
2654 31
2655 31
2656 31
2657 31
2658 31
2659 31
2660 31
2661 31
2662 31
2663 31
2664 31
2665 31
2666 31
2667 31
2668 31
2669 31
2670 31
2671 31
2672 31
2673 32
2674 32
2675 32
2676 32
2677 32
2678 32
2679 32
2680 32
2681 32
2682 32
2683 32
2684 32
2685 32
2686 32
2687 32
2688 32
2689 32
2690 32
2691 32
2692 32
2693 32
2694 32
2695 32
2696 32
2697 32
2698 32
2699 32
2700 32
2701 32
2702 32
2703 32
2704 32
2705 32
2706 32
2707 32
2708 32
2709 32
2710 32
2711 32
2712 32
2713 32
2714 32
2715 32
2716 32
2717 32
2718 32
2719 32
2720 32
2721 32
2722 32
2723 32
2724 32
2725 32
2726 32
2727 32
2728 32
2729 32
2730 32
2731 32
2732 32
2733 32
2734 32
2735 32
2736 32
2737 32
2738 32
2739 32
2740 32
2741 32
2742 32
2743 32
2744 32
2745 32
2746 32
2747 32
2748 32
2749 32
2750 32
2751 32
2752 32
2753 32
2754 32
2755 32
2756 33
2757 33
2758 33
2759 33
2760 33
2761 33
2762 33
2763 33
2764 33
2765 33
2766 33
2767 33
2768 33
2769 33
2770 33
2771 33
2772 33
2773 33
2774 33
2775 33
2776 33
2777 33
2778 33
2779 33
2780 33
2781 33
2782 33
2783 33
2784 33
2785 33
2786 33
2787 33
2788 33
2789 33
2790 33
2791 33
2792 33
2793 33
2794 33
2795 33
2796 33
2797 33
2798 33
2799 33
2800 33
2801 33
2802 33
2803 33
2804 33
2805 33
2806 33
2807 33
2808 33
2809 33
2810 33
2811 33
2812 33
2813 33
2814 33
2815 33
2816 33
2817 33
2818 33
2819 33
2820 33
2821 33
2822 33
2823 33
2824 33
2825 33
2826 34
2827 34
2828 34
2829 34
2830 34
2831 34
2832 34
2833 34
2834 34
2835 34
2836 34
2837 34
2838 34
2839 34
2840 34
2841 34
2842 34
2843 34
2844 34
2845 34
2846 34
2847 34
2848 34
2849 34
2850 34
2851 34
2852 34
2853 34
2854 34
2855 34
2856 34
2857 34
2858 34
2859 34
2860 34
2861 34
2862 34
2863 34
2864 34
2865 34
2866 34
2867 34
2868 34
2869 34
2870 34
2871 34
2872 34
2873 34
2874 34
2875 34
2876 34
2877 34
2878 34
2879 34
2880 34
2881 34
2882 34
2883 34
2884 34
2885 34
2886 34
2887 34
2888 34
2889 34
2890 34
2891 34
2892 34
2893 34
2894 34
2895 34
2896 34
2897 34
2898 34
2899 34
2900 34
2901 34
2902 34
2903 34
2904 34
2905 34
2906 34
2907 34
2908 34
2909 34
2910 34
2911 34
2912 34
2913 34
2914 34
2915 35
2916 35
2917 35
2918 35
2919 35
2920 35
2921 35
2922 35
2923 35
2924 35
2925 35
2926 35
2927 35
2928 35
2929 35
2930 35
2931 35
2932 35
2933 35
2934 35
2935 35
2936 35
2937 35
2938 35
2939 35
2940 35
2941 35
2942 35
2943 35
2944 35
2945 35
2946 35
2947 35
2948 35
2949 35
2950 35
2951 35
2952 35
2953 35
2954 35
2955 35
2956 35
2957 35
2958 35
2959 35
2960 35
2961 35
2962 35
2963 35
2964 35
2965 35
2966 35
2967 35
2968 35
2969 35
2970 35
2971 35
2972 35
2973 35
2974 35
2975 35
2976 35
2977 35
2978 35
2979 35
2980 35
2981 35
2982 35
2983 35
2984 35
2985 35
2986 35
2987 35
2988 35
2989 35
2990 35
2991 35
2992 35
2993 35
2994 35
2995 35
2996 35
2997 35
2998 35
2999 35
3000 35
3001 35
3002 35
3003 35
3004 36
3005 36
3006 36
3007 36
3008 36
3009 36
3010 36
3011 36
3012 36
3013 36
3014 36
3015 36
3016 36
3017 36
3018 36
3019 36
3020 36
3021 36
3022 36
3023 36
3024 36
3025 36
3026 36
3027 36
3028 36
3029 36
3030 36
3031 36
3032 36
3033 36
3034 36
3035 36
3036 36
3037 36
3038 36
3039 36
3040 36
3041 36
3042 36
3043 36
3044 36
3045 36
3046 36
3047 36
3048 36
3049 36
3050 36
3051 36
3052 36
3053 36
3054 36
3055 36
3056 36
3057 36
3058 36
3059 36
3060 36
3061 36
3062 36
3063 36
3064 36
3065 36
3066 36
3067 36
3068 36
3069 36
3070 36
3071 36
3072 36
3073 36
3074 36
3075 36
3076 36
3077 36
3078 36
3079 36
3080 36
3081 36
3082 36
3083 36
3084 36
3085 36
3086 36
3087 36
3088 36
3089 36
3090 36
3091 36
3092 36
3093 36
3094 36
3095 36
3096 36
3097 37
3098 37
3099 37
3100 37
3101 37
3102 37
3103 37
3104 37
3105 37
3106 37
3107 37
3108 37
3109 37
3110 37
3111 37
3112 37
3113 37
3114 37
3115 37
3116 37
3117 37
3118 37
3119 37
3120 37
3121 37
3122 37
3123 37
3124 37
3125 37
3126 37
3127 37
3128 37
3129 37
3130 37
3131 37
3132 37
3133 37
3134 37
3135 37
3136 37
3137 37
3138 37
3139 37
3140 37
3141 37
3142 37
3143 37
3144 37
3145 37
3146 37
3147 37
3148 37
3149 37
3150 37
3151 37
3152 37
3153 37
3154 37
3155 37
3156 37
3157 37
3158 37
3159 37
3160 37
3161 37
3162 37
3163 37
3164 37
3165 37
3166 37
3167 37
3168 37
3169 37
3170 37
3171 37
3172 37
3173 37
3174 37
3175 37
3176 37
3177 37
3178 37
3179 37
3180 37
3181 37
3182 37
3183 37
3184 37
3185 38
3186 38
3187 38
3188 38
3189 38
3190 38
3191 38
3192 38
3193 38
3194 38
3195 38
3196 38
3197 38
3198 38
3199 38
3200 38
3201 38
3202 38
3203 38
3204 38
3205 38
3206 38
3207 38
3208 38
3209 38
3210 38
3211 38
3212 38
3213 38
3214 38
3215 38
3216 38
3217 38
3218 38
3219 38
3220 38
3221 38
3222 38
3223 38
3224 38
3225 38
3226 38
3227 38
3228 38
3229 38
3230 38
3231 38
3232 38
3233 38
3234 38
3235 38
3236 38
3237 38
3238 38
3239 38
3240 38
3241 38
3242 38
3243 38
3244 38
3245 38
3246 38
3247 38
3248 38
3249 38
3250 38
3251 38
3252 38
3253 38
3254 38
3255 38
3256 38
3257 38
3258 38
3259 38
3260 38
3261 38
3262 38
3263 38
3264 38
3265 38
3266 38
3267 38
3268 38
3269 38
3270 38
3271 38
3272 38
3273 38
3274 38
3275 38
3276 38
3277 38
3278 38
3279 38
3280 38
3281 38
3282 38
3283 38
3284 38
3285 38
3286 38
3287 38
3288 38
3289 38
3290 38
3291 38
3292 38
3293 38
3294 38
3295 38
3296 38
3297 38
3298 38
3299 38
3300 38
3301 39
3302 39
3303 39
3304 39
3305 39
3306 39
3307 39
3308 39
3309 39
3310 39
3311 39
3312 39
3313 39
3314 39
3315 39
3316 39
3317 39
3318 39
3319 39
3320 39
3321 39
3322 39
3323 39
3324 39
3325 39
3326 39
3327 39
3328 39
3329 39
3330 39
3331 39
3332 39
3333 39
3334 39
3335 39
3336 39
3337 39
3338 39
3339 39
3340 39
3341 39
3342 39
3343 39
3344 39
3345 39
3346 39
3347 39
3348 39
3349 39
3350 39
3351 39
3352 39
3353 39
3354 39
3355 39
3356 39
3357 39
3358 39
3359 39
3360 39
3361 39
3362 39
3363 39
3364 39
3365 39
3366 39
3367 39
3368 39
3369 39
3370 39
3371 39
3372 39
3373 39
3374 39
3375 39
3376 39
3377 39
3378 39
3379 39
3380 39
3381 39
3382 39
3383 39
3384 39
3385 39
3386 39
3387 39
3388 39
3389 39
3390 39
3391 39
3392 39
3393 39
3394 39
3395 39
3396 40
3397 40
3398 40
3399 40
3400 40
3401 40
3402 40
3403 40
3404 40
3405 40
3406 40
3407 40
3408 40
3409 40
3410 40
3411 40
3412 40
3413 40
3414 40
3415 40
3416 40
3417 40
3418 40
3419 40
3420 40
3421 40
3422 40
3423 40
3424 40
3425 40
3426 40
3427 40
3428 40
3429 40
3430 40
3431 40
3432 40
3433 40
3434 40
3435 40
3436 40
3437 40
3438 40
3439 40
3440 40
3441 40
3442 40
3443 40
3444 40
3445 40
3446 40
3447 40
3448 40
3449 40
3450 40
3451 40
3452 40
3453 40
3454 40
3455 40
3456 40
3457 40
3458 40
3459 40
3460 40
3461 40
3462 40
3463 40
3464 40
3465 40
3466 40
3467 40
3468 40
3469 40
3470 40
3471 40
3472 40
3473 40
3474 40
3475 40
3476 40
3477 40
3478 40
3479 40
3480 40
3481 40
3482 40
3483 40
3484 40
3485 41
3486 41
3487 41
3488 41
3489 41
3490 41
3491 41
3492 41
3493 41
3494 41
3495 41
3496 41
3497 41
3498 41
3499 41
3500 41
3501 41
3502 41
3503 41
3504 41
3505 41
3506 41
3507 41
3508 41
3509 41
3510 41
3511 41
3512 41
3513 41
3514 41
3515 41
3516 41
3517 41
3518 41
3519 41
3520 41
3521 41
3522 41
3523 41
3524 41
3525 41
3526 41
3527 41
3528 41
3529 41
3530 41
3531 41
3532 41
3533 41
3534 41
3535 41
3536 41
3537 41
3538 41
3539 41
3540 41
3541 41
3542 41
3543 41
3544 41
3545 41
3546 41
3547 41
3548 41
3549 41
3550 41
3551 41
3552 41
3553 41
3554 41
3555 41
3556 41
3557 41
3558 41
3559 41
3560 41
3561 41
3562 41
3563 41
3564 41
3565 41
3566 41
3567 41
3568 41
3569 41
3570 41
3571 41
3572 41
3573 41
3574 42
3575 42
3576 42
3577 42
3578 42
3579 42
3580 42
3581 42
3582 42
3583 42
3584 42
3585 42
3586 42
3587 42
3588 42
3589 42
3590 42
3591 42
3592 42
3593 42
3594 42
3595 42
3596 42
3597 42
3598 42
3599 42
3600 42
3601 42
3602 42
3603 42
3604 42
3605 42
3606 42
3607 42
3608 42
3609 42
3610 42
3611 42
3612 42
3613 42
3614 42
3615 42
3616 42
3617 42
3618 42
3619 42
3620 42
3621 42
3622 42
3623 42
3624 42
3625 42
3626 42
3627 42
3628 42
3629 42
3630 42
3631 42
3632 42
3633 42
3634 42
3635 42
3636 42
3637 42
3638 42
3639 42
3640 42
3641 42
3642 42
3643 42
3644 42
3645 42
3646 42
3647 43
3648 43
3649 43
3650 43
3651 43
3652 43
3653 43
3654 43
3655 43
3656 43
3657 43
3658 43
3659 43
3660 43
3661 43
3662 43
3663 43
3664 43
3665 43
3666 43
3667 43
3668 43
3669 43
3670 43
3671 43
3672 43
3673 43
3674 43
3675 43
3676 43
3677 43
3678 43
3679 43
3680 43
3681 43
3682 43
3683 43
3684 43
3685 43
3686 43
3687 43
3688 43
3689 43
3690 43
3691 43
3692 43
3693 43
3694 43
3695 43
3696 43
3697 43
3698 43
3699 43
3700 43
3701 43
3702 43
3703 43
3704 43
3705 43
3706 43
3707 43
3708 43
3709 43
3710 43
3711 43
3712 43
3713 43
3714 43
3715 43
3716 43
3717 43
3718 43
3719 43
3720 43
3721 43
3722 43
3723 43
3724 43
3725 43
3726 43
3727 43
3728 44
3729 44
3730 44
3731 44
3732 44
3733 44
3734 44
3735 44
3736 44
3737 44
3738 44
3739 44
3740 44
3741 44
3742 44
3743 44
3744 44
3745 44
3746 44
3747 44
3748 44
3749 44
3750 44
3751 44
3752 44
3753 44
3754 44
3755 44
3756 44
3757 44
3758 44
3759 44
3760 44
3761 44
3762 44
3763 44
3764 44
3765 44
3766 44
3767 44
3768 44
3769 44
3770 44
3771 44
3772 44
3773 44
3774 44
3775 44
3776 44
3777 44
3778 44
3779 44
3780 44
3781 44
3782 44
3783 44
3784 44
3785 44
3786 44
3787 44
3788 44
3789 44
3790 44
3791 44
3792 44
3793 44
3794 44
3795 44
3796 44
3797 44
3798 44
3799 44
3800 44
3801 44
3802 44
3803 44
3804 44
3805 44
3806 44
3807 44
3808 45
3809 45
3810 45
3811 45
3812 45
3813 45
3814 45
3815 45
3816 45
3817 45
3818 45
3819 45
3820 45
3821 45
3822 45
3823 45
3824 45
3825 45
3826 45
3827 45
3828 45
3829 45
3830 45
3831 45
3832 45
3833 45
3834 45
3835 45
3836 45
3837 45
3838 45
3839 45
3840 45
3841 45
3842 45
3843 45
3844 45
3845 45
3846 45
3847 45
3848 45
3849 45
3850 45
3851 45
3852 45
3853 45
3854 45
3855 45
3856 45
3857 45
3858 45
3859 45
3860 45
3861 45
3862 45
3863 45
3864 45
3865 45
3866 45
3867 45
3868 45
3869 45
3870 45
3871 45
3872 45
3873 45
3874 45
3875 45
3876 46
3877 46
3878 46
3879 46
3880 46
3881 46
3882 46
3883 46
3884 46
3885 46
3886 46
3887 46
3888 46
3889 46
3890 46
3891 46
3892 46
3893 46
3894 46
3895 46
3896 46
3897 46
3898 46
3899 46
3900 46
3901 46
3902 46
3903 46
3904 46
3905 46
3906 46
3907 46
3908 46
3909 46
3910 46
3911 46
3912 46
3913 46
3914 46
3915 46
3916 46
3917 46
3918 46
3919 46
3920 46
3921 46
3922 46
3923 46
3924 46
3925 46
3926 46
3927 46
3928 46
3929 46
3930 46
3931 46
3932 46
3933 46
3934 46
3935 46
3936 46
3937 46
3938 46
3939 46
3940 47
3941 47
3942 47
3943 47
3944 47
3945 47
3946 47
3947 47
3948 47
3949 47
3950 47
3951 47
3952 47
3953 47
3954 47
3955 47
3956 47
3957 47
3958 47
3959 47
3960 47
3961 47
3962 47
3963 47
3964 47
3965 47
3966 47
3967 47
3968 47
3969 47
3970 47
3971 47
3972 47
3973 47
3974 47
3975 47
3976 47
3977 47
3978 47
3979 47
3980 47
3981 47
3982 47
3983 47
3984 47
3985 47
3986 47
3987 47
3988 47
3989 47
3990 47
3991 47
3992 47
3993 47
3994 47
3995 47
3996 47
3997 47
3998 47
3999 47
4000 48
4001 48
4002 48
4003 48
4004 48
4005 48
4006 48
4007 48
4008 48
4009 48
4010 48
4011 48
4012 48
4013 48
4014 48
4015 48
4016 48
4017 48
4018 48
4019 48
4020 48
4021 48
4022 48
4023 48
4024 48
4025 48
4026 48
4027 48
4028 48
4029 48
4030 48
4031 48
4032 48
4033 48
4034 48
4035 48
4036 48
4037 48
4038 48
4039 48
4040 48
4041 48
4042 48
4043 48
4044 48
4045 48
4046 48
4047 48
4048 48
4049 48
4050 48
4051 48
4052 48
4053 48
4054 48
4055 48
4056 48
4057 48
4058 49
4059 49
4060 49
4061 49
4062 49
4063 49
4064 49
4065 49
4066 49
4067 49
4068 49
4069 49
4070 49
4071 49
4072 49
4073 49
4074 49
4075 49
4076 49
4077 49
4078 49
4079 49
4080 49
4081 49
4082 49
4083 49
4084 49
4085 49
4086 49
4087 49
4088 49
4089 49
4090 49
4091 49
4092 49
4093 49
4094 49
4095 49
4096 49
4097 49
4098 49
4099 49
4100 49
4101 49
4102 49
4103 49
4104 49
4105 49
4106 49
4107 49
4108 49
4109 49
4110 49
4111 49
4112 49
4113 50
4114 50
4115 50
4116 50
4117 50
4118 50
4119 50
4120 50
4121 50
4122 50
4123 50
4124 50
4125 50
4126 50
4127 50
4128 50
4129 50
4130 50
4131 50
4132 50
4133 50
4134 50
4135 50
4136 50
4137 50
4138 50
4139 50
4140 50
4141 50
4142 50
4143 50
4144 50
4145 50
4146 50
4147 50
4148 50
4149 50
4150 50
4151 50
4152 50
4153 50
4154 50
4155 50
4156 50
4157 50
4158 50
4159 50
4160 50
4161 50
4162 50
4163 50
4164 50
4165 50
4166 50
4167 50
4168 50
4169 50
4170 50
4171 50
4172 50
4173 50
4174 50
4175 50
4176 50
4177 50
4178 50
4179 50
4180 50
4181 50
4182 50
4183 50
4184 50
4185 50
4186 50
4187 50
4188 50
4189 50
4190 50
4191 50
4192 50
4193 50
4194 50
4195 50
4196 50
4197 50
4198 50
4199 50
4200 50
4201 50
4202 51
4203 51
4204 51
4205 51
4206 51
4207 51
4208 51
4209 51
4210 51
4211 51
4212 51
4213 51
4214 51
4215 51
4216 51
4217 51
4218 51
4219 51
4220 51
4221 51
4222 51
4223 51
4224 51
4225 51
4226 51
4227 51
4228 51
4229 51
4230 51
4231 51
4232 51
4233 51
4234 51
4235 51
4236 51
4237 51
4238 51
4239 51
4240 51
4241 51
4242 51
4243 51
4244 51
4245 51
4246 51
4247 51
4248 51
4249 51
4250 51
4251 51
4252 51
4253 51
4254 51
4255 51
4256 51
4257 51
4258 51
4259 51
4260 51
4261 51
4262 51
4263 51
4264 51
4265 51
4266 51
4267 51
4268 51
4269 51
4270 51
4271 51
4272 51
4273 51
4274 51
4275 51
4276 51
4277 51
4278 51
4279 51
4280 51
4281 51
4282 51
4283 51
4284 51
4285 51
4286 52
4287 52
4288 52
4289 52
4290 52
4291 52
4292 52
4293 52
4294 52
4295 52
4296 52
4297 52
4298 52
4299 52
4300 52
4301 52
4302 52
4303 52
4304 52
4305 52
4306 52
4307 52
4308 52
4309 52
4310 52
4311 52
4312 52
4313 52
4314 52
4315 52
4316 52
4317 52
4318 52
4319 52
4320 52
4321 52
4322 52
4323 52
4324 52
4325 52
4326 52
4327 52
4328 52
4329 52
4330 52
4331 52
4332 52
4333 52
4334 52
4335 52
4336 52
4337 52
4338 52
4339 52
4340 52
4341 52
4342 52
4343 52
4344 52
4345 52
4346 52
4347 52
4348 52
4349 52
4350 52
4351 52
4352 52
4353 52
4354 52
4355 52
4356 52
4357 52
4358 52
4359 52
4360 52
4361 52
4362 52
4363 52
4364 52
4365 52
4366 52
4367 52
4368 52
4369 52
4370 52
4371 52
4372 52
4373 52
4374 53
4375 53
4376 53
4377 53
4378 53
4379 53
4380 53
4381 53
4382 53
4383 53
4384 53
4385 53
4386 53
4387 53
4388 53
4389 53
4390 53
4391 53
4392 53
4393 53
4394 53
4395 53
4396 53
4397 53
4398 53
4399 53
4400 53
4401 53
4402 53
4403 53
4404 53
4405 53
4406 53
4407 53
4408 53
4409 53
4410 53
4411 53
4412 53
4413 53
4414 53
4415 53
4416 53
4417 53
4418 53
4419 53
4420 53
4421 53
4422 53
4423 53
4424 53
4425 53
4426 53
4427 53
4428 53
4429 53
4430 53
4431 53
4432 53
4433 53
4434 53
4435 53
4436 53
4437 53
4438 53
4439 53
4440 53
4441 53
4442 53
4443 53
4444 53
4445 53
4446 53
4447 53
4448 53
4449 53
4450 53
4451 53
4452 53
4453 53
4454 53
4455 53
4456 53
4457 53
4458 53
4459 53
4460 53
4461 53
4462 53
4463 53
4464 53
4465 54
4466 54
4467 54
4468 54
4469 54
4470 54
4471 54
4472 54
4473 54
4474 54
4475 54
4476 54
4477 54
4478 54
4479 54
4480 54
4481 54
4482 54
4483 54
4484 54
4485 54
4486 54
4487 54
4488 54
4489 54
4490 54
4491 54
4492 54
4493 54
4494 54
4495 54
4496 54
4497 54
4498 54
4499 54
4500 54
4501 54
4502 54
4503 54
4504 54
4505 54
4506 54
4507 54
4508 54
4509 54
4510 54
4511 54
4512 54
4513 54
4514 54
4515 54
4516 54
4517 54
4518 54
4519 54
4520 54
4521 54
4522 54
4523 54
4524 54
4525 54
4526 54
4527 54
4528 54
4529 54
4530 54
4531 54
4532 54
4533 54
4534 54
4535 54
4536 54
4537 54
4538 54
4539 54
4540 54
4541 54
4542 54
4543 54
4544 54
4545 54
4546 54
4547 54
4548 54
4549 54
4550 55
4551 55
4552 55
4553 55
4554 55
4555 55
4556 55
4557 55
4558 55
4559 55
4560 55
4561 55
4562 55
4563 55
4564 55
4565 55
4566 55
4567 55
4568 55
4569 55
4570 55
4571 55
4572 55
4573 55
4574 55
4575 55
4576 55
4577 55
4578 55
4579 55
4580 55
4581 55
4582 55
4583 55
4584 55
4585 55
4586 55
4587 55
4588 55
4589 55
4590 55
4591 55
4592 55
4593 55
4594 55
4595 55
4596 55
4597 55
4598 55
4599 55
4600 55
4601 55
4602 55
4603 55
4604 55
4605 55
4606 55
4607 55
4608 55
4609 55
4610 55
4611 55
4612 55
4613 55
4614 55
4615 55
4616 55
4617 55
4618 55
4619 55
4620 55
4621 55
4622 55
4623 55
4624 55
4625 55
4626 55
4627 55
4628 55
4629 55
4630 55
4631 55
4632 55
4633 55
4634 55
4635 55
4636 55
4637 55
4638 55
4639 55
4640 55
4641 55
4642 55
4643 55
4644 55
4645 55
4646 55
4647 55
4648 55
4649 55
4650 55
4651 55
4652 55
4653 55
4654 55
4655 55
4656 55
4657 55
4658 55
4659 55
4660 55
4661 55
4662 55
4663 55
4664 55
4665 55
4666 55
4667 55
4668 55
4669 55
4670 55
4671 55
4672 56
4673 56
4674 56
4675 56
4676 56
4677 56
4678 56
4679 56
4680 56
4681 56
4682 56
4683 56
4684 56
4685 56
4686 56
4687 56
4688 56
4689 56
4690 56
4691 56
4692 56
4693 56
4694 56
4695 56
4696 56
4697 56
4698 56
4699 56
4700 56
4701 56
4702 56
4703 56
4704 56
4705 56
4706 56
4707 56
4708 56
4709 56
4710 56
4711 56
4712 56
4713 56
4714 56
4715 56
4716 56
4717 56
4718 56
4719 56
4720 56
4721 56
4722 56
4723 56
4724 56
4725 56
4726 56
4727 56
4728 56
4729 56
4730 56
4731 56
4732 56
4733 56
4734 56
4735 56
4736 56
4737 56
4738 56
4739 56
4740 56
4741 56
4742 56
4743 56
4744 56
4745 56
4746 56
4747 56
4748 56
4749 56
4750 56
4751 56
4752 56
4753 56
4754 56
4755 56
4756 56
4757 56
4758 56
4759 56
4760 56
4761 56
4762 56
4763 56
4764 56
4765 56
4766 56
4767 56
4768 56
4769 56
4770 56
4771 56
4772 56
4773 56
4774 56
4775 56
4776 56
4777 57
4778 57
4779 57
4780 57
4781 57
4782 57
4783 57
4784 57
4785 57
4786 57
4787 57
4788 57
4789 57
4790 57
4791 57
4792 57
4793 57
4794 57
4795 57
4796 57
4797 57
4798 57
4799 57
4800 57
4801 57
4802 57
4803 57
4804 57
4805 57
4806 57
4807 57
4808 57
4809 57
4810 57
4811 57
4812 57
4813 57
4814 57
4815 57
4816 57
4817 57
4818 57
4819 57
4820 57
4821 57
4822 57
4823 57
4824 57
4825 57
4826 57
4827 57
4828 57
4829 57
4830 57
4831 57
4832 57
4833 57
4834 57
4835 57
4836 57
4837 57
4838 57
4839 57
4840 57
4841 57
4842 57
4843 57
4844 57
4845 57
4846 57
4847 57
4848 57
4849 57
4850 57
4851 57
4852 57
4853 57
4854 57
4855 57
4856 57
4857 57
4858 57
4859 57
4860 57
4861 57
4862 57
4863 57
4864 57
4865 57
4866 57
4867 57
4868 57
4869 57
4870 57
4871 57
4872 57
4873 58
4874 58
4875 58
4876 58
4877 58
4878 58
4879 58
4880 58
4881 58
4882 58
4883 58
4884 58
4885 58
4886 58
4887 58
4888 58
4889 58
4890 58
4891 58
4892 58
4893 58
4894 58
4895 58
4896 58
4897 58
4898 58
4899 58
4900 58
4901 58
4902 58
4903 58
4904 58
4905 58
4906 58
4907 58
4908 58
4909 58
4910 58
4911 58
4912 58
4913 58
4914 58
4915 58
4916 58
4917 58
4918 58
4919 58
4920 58
4921 58
4922 58
4923 58
4924 58
4925 58
4926 58
4927 58
4928 58
4929 58
4930 58
4931 58
4932 58
4933 58
4934 58
4935 58
4936 58
4937 58
4938 58
4939 58
4940 58
4941 58
4942 58
4943 58
4944 58
4945 58
4946 58
4947 58
4948 58
4949 58
4950 58
4951 58
4952 58
4953 58
4954 58
4955 58
4956 58
4957 58
4958 58
4959 59
4960 59
4961 59
4962 59
4963 59
4964 59
4965 59
4966 59
4967 59
4968 59
4969 59
4970 59
4971 59
4972 59
4973 59
4974 59
4975 59
4976 59
4977 59
4978 59
4979 59
4980 59
4981 59
4982 59
4983 59
4984 59
4985 59
4986 59
4987 59
4988 59
4989 59
4990 59
4991 59
4992 59
4993 59
4994 59
4995 59
4996 59
4997 59
4998 59
4999 59
5000 59
5001 59
5002 59
5003 59
5004 59
5005 59
5006 59
5007 59
5008 59
5009 59
5010 59
5011 59
5012 59
5013 59
5014 59
5015 59
5016 59
5017 59
5018 59
5019 59
5020 59
5021 59
5022 59
5023 59
5024 59
5025 59
5026 59
5027 59
5028 59
5029 59
5030 59
5031 59
5032 59
5033 59
5034 59
5035 59
5036 59
5037 59
5038 59
5039 59
5040 59
5041 59
5042 59
5043 60
5044 60
5045 60
5046 60
5047 60
5048 60
5049 60
5050 60
5051 60
5052 60
5053 60
5054 60
5055 60
5056 60
5057 60
5058 60
5059 60
5060 60
5061 60
5062 60
5063 60
5064 60
5065 60
5066 60
5067 60
5068 60
5069 60
5070 60
5071 60
5072 60
5073 60
5074 60
5075 60
5076 60
5077 60
5078 60
5079 60
5080 60
5081 60
5082 60
5083 60
5084 60
5085 60
5086 60
5087 60
5088 60
5089 60
5090 60
5091 60
5092 60
5093 60
5094 60
5095 60
5096 60
5097 60
5098 60
5099 60
5100 60
5101 60
5102 60
5103 60
5104 60
5105 60
5106 60
5107 60
5108 60
5109 60
5110 60
5111 60
5112 60
5113 60
5114 60
5115 60
5116 60
5117 60
5118 60
5119 60
5120 60
5121 60
5122 60
5123 60
5124 60
5125 60
5126 60
5127 60
5128 60
5129 60
5130 60
5131 60
5132 60
5133 61
5134 61
5135 61
5136 61
5137 61
5138 61
5139 61
5140 61
5141 61
5142 61
5143 61
5144 61
5145 61
5146 61
5147 61
5148 61
5149 61
5150 61
5151 61
5152 61
5153 61
5154 61
5155 61
5156 61
5157 61
5158 61
5159 61
5160 61
5161 61
5162 61
5163 61
5164 61
5165 61
5166 61
5167 61
5168 61
5169 61
5170 61
5171 61
5172 61
5173 61
5174 61
5175 61
5176 61
5177 61
5178 61
5179 61
5180 61
5181 61
5182 61
5183 61
5184 61
5185 61
5186 61
5187 61
5188 61
5189 62
5190 62
5191 62
5192 62
5193 62
5194 62
5195 62
5196 62
5197 62
5198 62
5199 62
5200 62
5201 62
5202 62
5203 62
5204 62
5205 62
5206 62
5207 62
5208 62
5209 62
5210 62
5211 62
5212 62
5213 62
5214 62
5215 62
5216 62
5217 62
5218 62
5219 62
5220 62
5221 62
5222 62
5223 62
5224 62
5225 62
5226 62
5227 62
5228 62
5229 62
5230 62
5231 62
5232 62
5233 62
5234 62
5235 62
5236 62
5237 62
5238 62
5239 62
5240 62
5241 62
5242 62
5243 62
5244 62
5245 62
5246 62
5247 62
5248 62
5249 62
5250 62
5251 62
5252 62
5253 62
5254 62
5255 62
5256 62
5257 62
5258 62
5259 62
5260 62
5261 62
5262 62
5263 62
5264 62
5265 62
5266 62
5267 62
5268 62
5269 62
5270 63
5271 63
5272 63
5273 63
5274 63
5275 63
5276 63
5277 63
5278 63
5279 63
5280 63
5281 63
5282 63
5283 63
5284 63
5285 63
5286 63
5287 63
5288 63
5289 63
5290 63
5291 63
5292 63
5293 63
5294 63
5295 63
5296 63
5297 63
5298 63
5299 63
5300 63
5301 63
5302 63
5303 63
5304 63
5305 63
5306 63
5307 63
5308 63
5309 63
5310 63
5311 63
5312 63
5313 63
5314 63
5315 63
5316 63
5317 63
5318 63
5319 63
5320 63
5321 63
5322 63
5323 63
5324 63
5325 63
5326 63
5327 63
5328 63
5329 63
5330 63
5331 63
5332 63
5333 63
5334 63
5335 63
5336 63
5337 63
5338 63
5339 63
5340 63
5341 63
5342 63
5343 63
5344 63
5345 64
5346 64
5347 64
5348 64
5349 64
5350 64
5351 64
5352 64
5353 64
5354 64
5355 64
5356 64
5357 64
5358 64
5359 64
5360 64
5361 64
5362 64
5363 64
5364 64
5365 64
5366 64
5367 64
5368 64
5369 64
5370 64
5371 64
5372 64
5373 64
5374 64
5375 64
5376 64
5377 64
5378 64
5379 64
5380 64
5381 64
5382 64
5383 64
5384 64
5385 64
5386 64
5387 64
5388 64
5389 64
5390 64
5391 64
5392 64
5393 64
5394 64
5395 64
5396 64
5397 64
5398 64
5399 64
5400 64
5401 64
5402 64
5403 64
5404 64
5405 64
5406 64
5407 64
5408 64
5409 64
5410 64
5411 64
5412 64
5413 64
5414 64
5415 64
5416 64
5417 64
5418 64
5419 64
5420 64
5421 64
5422 64
5423 64
5424 64
5425 64
5426 64
5427 64
5428 64
5429 64
5430 64
5431 64
5432 64
5433 64
5434 64
5435 64
5436 65
5437 65
5438 65
5439 65
5440 65
5441 65
5442 65
5443 65
5444 65
5445 65
5446 65
5447 65
5448 65
5449 65
5450 65
5451 65
5452 65
5453 65
5454 65
5455 65
5456 65
5457 65
5458 65
5459 65
5460 65
5461 65
5462 65
5463 65
5464 65
5465 65
5466 65
5467 65
5468 65
5469 65
5470 65
5471 65
5472 65
5473 65
5474 65
5475 65
5476 65
5477 65
5478 65
5479 65
5480 65
5481 65
5482 65
5483 65
5484 65
5485 65
5486 65
5487 65
5488 65
5489 65
5490 65
5491 65
5492 65
5493 65
5494 65
5495 65
5496 65
5497 65
5498 65
5499 65
5500 65
5501 65
5502 65
5503 65
5504 65
5505 65
5506 65
5507 65
5508 65
5509 65
5510 65
5511 65
5512 65
5513 65
5514 65
5515 65
5516 65
5517 65
5518 66
5519 66
5520 66
5521 66
5522 66
5523 66
5524 66
5525 66
5526 66
5527 66
5528 66
5529 66
5530 66
5531 66
5532 66
5533 66
5534 66
5535 66
5536 66
5537 66
5538 66
5539 66
5540 66
5541 66
5542 66
5543 66
5544 66
5545 66
5546 66
5547 66
5548 66
5549 66
5550 66
5551 66
5552 66
5553 66
5554 66
5555 66
5556 66
5557 66
5558 66
5559 66
5560 66
5561 66
5562 66
5563 66
5564 66
5565 66
5566 66
5567 66
5568 66
5569 66
5570 66
5571 66
5572 66
5573 66
5574 66
5575 66
5576 66
5577 66
5578 66
5579 66
5580 66
5581 66
5582 66
5583 66
5584 66
5585 66
5586 66
5587 66
5588 66
5589 66
5590 66
5591 66
5592 66
5593 66
5594 66
5595 66
5596 66
5597 66
5598 66
5599 67
5600 67
5601 67
5602 67
5603 67
5604 67
5605 67
5606 67
5607 67
5608 67
5609 67
5610 67
5611 67
5612 67
5613 67
5614 67
5615 67
5616 67
5617 67
5618 67
5619 67
5620 67
5621 67
5622 67
5623 67
5624 67
5625 67
5626 67
5627 67
5628 67
5629 67
5630 67
5631 67
5632 67
5633 67
5634 67
5635 67
5636 67
5637 67
5638 67
5639 67
5640 67
5641 67
5642 67
5643 67
5644 67
5645 67
5646 67
5647 67
5648 67
5649 67
5650 67
5651 67
5652 67
5653 67
5654 67
5655 67
5656 67
5657 67
5658 67
5659 67
5660 67
5661 67
5662 67
5663 67
5664 67
5665 67
5666 67
5667 67
5668 67
5669 67
5670 67
5671 67
5672 67
5673 67
5674 67
5675 67
5676 67
5677 67
5678 67
5679 67
5680 67
5681 68
5682 68
5683 68
5684 68
5685 68
5686 68
5687 68
5688 68
5689 68
5690 68
5691 68
5692 68
5693 68
5694 68
5695 68
5696 68
5697 68
5698 68
5699 68
5700 68
5701 68
5702 68
5703 68
5704 68
5705 68
5706 68
5707 68
5708 68
5709 68
5710 68
5711 68
5712 68
5713 68
5714 68
5715 68
5716 68
5717 68
5718 68
5719 68
5720 68
5721 68
5722 68
5723 68
5724 68
5725 68
5726 68
5727 68
5728 68
5729 68
5730 68
5731 68
5732 68
5733 68
5734 68
5735 68
5736 68
5737 68
5738 68
5739 68
5740 68
5741 68
5742 68
5743 68
5744 68
5745 68
5746 68
5747 68
5748 68
5749 68
5750 68
5751 68
5752 68
5753 68
5754 68
5755 68
5756 68
5757 68
5758 68
5759 68
5760 68
5761 68
5762 69
5763 69
5764 69
5765 69
5766 69
5767 69
5768 69
5769 69
5770 69
5771 69
5772 69
5773 69
5774 69
5775 69
5776 69
5777 69
5778 69
5779 69
5780 69
5781 69
5782 69
5783 69
5784 69
5785 69
5786 69
5787 69
5788 69
5789 69
5790 69
5791 69
5792 69
5793 69
5794 69
5795 69
5796 69
5797 69
5798 69
5799 69
5800 69
5801 69
5802 69
5803 69
5804 69
5805 69
5806 69
5807 69
5808 69
5809 69
5810 69
5811 69
5812 69
5813 69
5814 69
5815 69
5816 69
5817 69
5818 69
5819 69
5820 69
5821 69
5822 69
5823 69
5824 69
5825 69
5826 69
5827 69
5828 69
5829 69
5830 69
5831 69
5832 69
5833 69
5834 69
5835 69
5836 69
5837 69
5838 69
5839 69
5840 69
5841 69
5842 69
5843 69
5844 69
5845 70
5846 70
5847 70
5848 70
5849 70
5850 70
5851 70
5852 70
5853 70
5854 70
5855 70
5856 70
5857 70
5858 70
5859 70
5860 70
5861 70
5862 70
5863 70
5864 70
5865 70
5866 70
5867 70
5868 70
5869 70
5870 70
5871 70
5872 70
5873 70
5874 70
5875 70
5876 70
5877 70
5878 70
5879 70
5880 70
5881 70
5882 70
5883 70
5884 70
5885 70
5886 70
5887 70
5888 70
5889 70
5890 70
5891 70
5892 70
5893 70
5894 70
5895 70
5896 70
5897 70
5898 70
5899 70
5900 70
5901 70
5902 70
5903 70
5904 70
5905 70
5906 70
5907 70
5908 70
5909 70
5910 70
5911 70
5912 70
5913 70
5914 70
5915 70
5916 70
5917 70
5918 70
5919 70
5920 70
5921 70
5922 70
5923 70
5924 70
5925 70
5926 70
5927 70
5928 70
5929 70
5930 70
5931 70
5932 70
5933 70
5934 70
5935 70
5936 70
5937 70
5938 70
5939 70
5940 71
5941 71
5942 71
5943 71
5944 71
5945 71
5946 71
5947 71
5948 71
5949 71
5950 71
5951 71
5952 71
5953 71
5954 71
5955 71
5956 71
5957 71
5958 71
5959 71
5960 71
5961 71
5962 71
5963 71
5964 71
5965 71
5966 71
5967 71
5968 71
5969 71
5970 71
5971 71
5972 71
5973 71
5974 71
5975 71
5976 71
5977 71
5978 71
5979 71
5980 71
5981 71
5982 71
5983 71
5984 71
5985 71
5986 71
5987 71
5988 71
5989 71
5990 71
5991 71
5992 71
5993 71
5994 71
5995 71
5996 71
5997 71
5998 71
5999 71
6000 71
6001 71
6002 71
6003 71
6004 71
6005 71
6006 71
6007 71
6008 71
6009 71
6010 71
6011 71
6012 71
6013 71
6014 71
6015 71
6016 71
6017 71
6018 71
6019 71
6020 71
6021 71
6022 71
6023 71
6024 71
6025 71
6026 71
6027 71
6028 72
6029 72
6030 72
6031 72
6032 72
6033 72
6034 72
6035 72
6036 72
6037 72
6038 72
6039 72
6040 72
6041 72
6042 72
6043 72
6044 72
6045 72
6046 72
6047 72
6048 72
6049 72
6050 72
6051 72
6052 72
6053 72
6054 72
6055 72
6056 72
6057 72
6058 72
6059 72
6060 72
6061 72
6062 72
6063 72
6064 72
6065 72
6066 72
6067 72
6068 72
6069 72
6070 72
6071 72
6072 72
6073 72
6074 72
6075 72
6076 72
6077 72
6078 72
6079 72
6080 72
6081 72
6082 72
6083 72
6084 72
6085 72
6086 72
6087 72
6088 72
6089 72
6090 72
6091 72
6092 72
6093 72
6094 72
6095 72
6096 72
6097 72
6098 72
6099 72
6100 72
6101 72
6102 72
6103 72
6104 72
6105 72
6106 72
6107 72
6108 72
6109 72
6110 72
6111 72
6112 72
6113 72
6114 72
6115 72
6116 72
6117 73
6118 73
6119 73
6120 73
6121 73
6122 73
6123 73
6124 73
6125 73
6126 73
6127 73
6128 73
6129 73
6130 73
6131 73
6132 73
6133 73
6134 73
6135 73
6136 73
6137 73
6138 73
6139 73
6140 73
6141 73
6142 73
6143 73
6144 73
6145 73
6146 73
6147 73
6148 73
6149 73
6150 73
6151 73
6152 73
6153 73
6154 73
6155 73
6156 73
6157 73
6158 73
6159 73
6160 73
6161 73
6162 73
6163 73
6164 73
6165 73
6166 73
6167 73
6168 73
6169 73
6170 73
6171 73
6172 73
6173 73
6174 73
6175 73
6176 73
6177 73
6178 73
6179 73
6180 73
6181 73
6182 73
6183 73
6184 73
6185 73
6186 73
6187 73
6188 73
6189 73
6190 73
6191 73
6192 73
6193 73
6194 74
6195 74
6196 74
6197 74
6198 74
6199 74
6200 74
6201 74
6202 74
6203 74
6204 74
6205 74
6206 74
6207 74
6208 74
6209 74
6210 74
6211 74
6212 74
6213 74
6214 74
6215 74
6216 74
6217 74
6218 74
6219 74
6220 74
6221 74
6222 74
6223 74
6224 74
6225 74
6226 74
6227 74
6228 74
6229 74
6230 74
6231 74
6232 74
6233 74
6234 74
6235 74
6236 74
6237 74
6238 74
6239 74
6240 74
6241 74
6242 74
6243 74
6244 74
6245 74
6246 74
6247 74
6248 74
6249 74
6250 74
6251 74
6252 74
6253 74
6254 74
6255 74
6256 74
6257 74
6258 74
6259 74
6260 74
6261 75
6262 75
6263 75
6264 75
6265 75
6266 75
6267 75
6268 75
6269 75
6270 75
6271 75
6272 75
6273 75
6274 75
6275 75
6276 75
6277 75
6278 75
6279 75
6280 75
6281 75
6282 75
6283 75
6284 75
6285 75
6286 75
6287 75
6288 75
6289 75
6290 75
6291 75
6292 75
6293 75
6294 75
6295 75
6296 75
6297 75
6298 75
6299 75
6300 75
6301 75
6302 75
6303 75
6304 75
6305 75
6306 75
6307 75
6308 75
6309 75
6310 75
6311 75
6312 75
6313 75
6314 75
6315 75
6316 75
6317 75
6318 75
6319 75
6320 75
6321 75
6322 75
6323 75
6324 75
6325 75
6326 75
6327 75
6328 75
6329 75
6330 75
6331 75
6332 75
6333 75
6334 75
6335 75
6336 75
6337 75
6338 75
6339 75
6340 75
6341 75
6342 75
6343 75
6344 75
6345 76
6346 76
6347 76
6348 76
6349 76
6350 76
6351 76
6352 76
6353 76
6354 76
6355 76
6356 76
6357 76
6358 76
6359 76
6360 76
6361 76
6362 76
6363 76
6364 76
6365 76
6366 76
6367 76
6368 76
6369 76
6370 76
6371 76
6372 76
6373 76
6374 76
6375 76
6376 76
6377 76
6378 76
6379 76
6380 76
6381 76
6382 76
6383 76
6384 76
6385 76
6386 76
6387 76
6388 76
6389 76
6390 76
6391 76
6392 76
6393 76
6394 76
6395 76
6396 76
6397 76
6398 76
6399 76
6400 76
6401 76
6402 76
6403 76
6404 76
6405 76
6406 76
6407 76
6408 76
6409 76
6410 76
6411 76
6412 76
6413 76
6414 76
6415 76
6416 76
6417 76
6418 76
6419 76
6420 76
6421 76
6422 76
6423 77
6424 77
6425 77
6426 77
6427 77
6428 77
6429 77
6430 77
6431 77
6432 77
6433 77
6434 77
6435 77
6436 77
6437 77
6438 77
6439 77
6440 77
6441 77
6442 77
6443 77
6444 77
6445 77
6446 77
6447 77
6448 77
6449 77
6450 77
6451 77
6452 77
6453 77
6454 77
6455 77
6456 77
6457 77
6458 77
6459 77
6460 77
6461 77
6462 77
6463 77
6464 77
6465 77
6466 77
6467 77
6468 77
6469 77
6470 77
6471 77
6472 77
6473 77
6474 77
6475 77
6476 77
6477 77
6478 77
6479 77
6480 77
6481 77
6482 77
6483 77
6484 77
6485 77
6486 77
6487 77
6488 77
6489 77
6490 77
6491 77
6492 77
6493 77
6494 77
6495 77
6496 77
6497 78
6498 78
6499 78
6500 78
6501 78
6502 78
6503 78
6504 78
6505 78
6506 78
6507 78
6508 78
6509 78
6510 78
6511 78
6512 78
6513 78
6514 78
6515 78
6516 78
6517 78
6518 78
6519 78
6520 78
6521 78
6522 78
6523 78
6524 78
6525 78
6526 78
6527 78
6528 78
6529 78
6530 78
6531 78
6532 78
6533 78
6534 78
6535 78
6536 78
6537 78
6538 78
6539 78
6540 78
6541 78
6542 78
6543 78
6544 78
6545 78
6546 78
6547 78
6548 78
6549 78
6550 78
6551 78
6552 78
6553 78
6554 78
6555 78
6556 78
6557 78
6558 78
6559 78
6560 78
6561 78
6562 78
6563 78
6564 78
6565 78
6566 78
6567 78
6568 78
6569 78
6570 78
6571 78
6572 78
6573 78
6574 78
6575 78
6576 78
6577 78
6578 78
6579 78
6580 78
6581 78
6582 78
6583 79
6584 79
6585 79
6586 79
6587 79
6588 79
6589 79
6590 79
6591 79
6592 79
6593 79
6594 79
6595 79
6596 79
6597 79
6598 79
6599 79
6600 79
6601 79
6602 79
6603 79
6604 79
6605 79
6606 79
6607 79
6608 79
6609 79
6610 79
6611 79
6612 79
6613 79
6614 79
6615 79
6616 79
6617 79
6618 79
6619 79
6620 79
6621 79
6622 79
6623 79
6624 79
6625 79
6626 79
6627 79
6628 79
6629 79
6630 79
6631 79
6632 79
6633 79
6634 79
6635 79
6636 79
6637 79
6638 79
6639 79
6640 79
6641 79
6642 79
6643 79
6644 79
6645 79
6646 79
6647 79
6648 79
6649 79
6650 79
6651 79
6652 79
6653 79
6654 79
6655 79
6656 79
6657 79
6658 79
6659 79
6660 79
6661 79
6662 79
6663 79
6664 79
6665 79
6666 79
6667 79
6668 79
6669 79
6670 79
6671 79
6672 79
6673 79
6674 80
6675 80
6676 80
6677 80
6678 80
6679 80
6680 80
6681 80
6682 80
6683 80
6684 80
6685 80
6686 80
6687 80
6688 80
6689 80
6690 80
6691 80
6692 80
6693 80
6694 80
6695 80
6696 80
6697 80
6698 80
6699 80
6700 80
6701 80
6702 80
6703 80
6704 80
6705 80
6706 80
6707 80
6708 80
6709 80
6710 80
6711 80
6712 80
6713 80
6714 80
6715 80
6716 80
6717 80
6718 80
6719 80
6720 80
6721 80
6722 80
6723 80
6724 80
6725 80
6726 80
6727 80
6728 80
6729 80
6730 80
6731 80
6732 80
6733 80
6734 80
6735 80
6736 80
6737 80
6738 80
6739 80
6740 80
6741 80
6742 80
6743 80
6744 80
6745 80
6746 80
6747 80
6748 80
6749 80
6750 80
6751 80
6752 80
6753 80
6754 80
6755 80
6756 80
